  -1.0000000000000000       -8.5880925344551091     
 -0.97999999999999998       -8.2286746774082182     
 -0.95999999999999996       -7.8397461252122653     
 -0.93999999999999995       -7.7237456763050325     
 -0.92000000000000004       -7.6469929389034954     
 -0.90000000000000002       -7.6147838016777865     
 -0.88000000000000000       -7.5662171817457837     
 -0.85999999999999999       -7.5440884560547916     
 -0.83999999999999997       -7.5715786909663700     
 -0.82000000000000006       -7.6145642292832960     
 -0.80000000000000004       -7.7276836417251094     
 -0.78000000000000003       -7.7551069971758491     
 -0.76000000000000001       -7.7299828196350466     
 -0.73999999999999999       -7.5635559065712661     
 -0.71999999999999997       -7.6035821443501153     
 -0.69999999999999996       -7.6266974400982477     
 -0.67999999999999994       -7.5717286528647900     
 -0.65999999999999992       -7.5911064116542981     
 -0.64000000000000001       -7.6258489132452274     
 -0.62000000000000000       -7.5206138089899808     
 -0.59999999999999998       -7.4923870775128174     
 -0.58000000000000007       -7.5719790131651301     
 -0.56000000000000005       -7.6094158690295126     
 -0.54000000000000004       -7.6300827340115944     
 -0.52000000000000002       -7.5182085913118737     
 -0.50000000000000000       -7.5456964733790750     
 -0.47999999999999998       -7.5621448749796274     
 -0.45999999999999996       -7.5850956285498672     
 -0.43999999999999995       -7.5895010134085386     
 -0.42000000000000004       -7.9741133975729026     
 -0.40000000000000002       -7.9348749007247363     
 -0.38000000000000000       -7.9095620674649103     
 -0.35999999999999999       -7.7346764175074254     
 -0.33999999999999997       -7.7823454832835512     
 -0.31999999999999995       -7.7339850622131285     
 -0.29999999999999993       -7.7438611632087460     
 -0.28000000000000003       -7.7251293810827226     
 -0.26000000000000001       -7.7947119832625296     
 -0.23999999999999999       -7.8418886187005796     
 -0.21999999999999997       -7.8472240887986597     
 -0.19999999999999996       -7.9036465049699238     
 -0.17999999999999994       -7.9703505450775243     
 -0.16000000000000003       -7.9765239305353433     
 -0.14000000000000001       -7.9559626181033298     
 -0.12000000000000000       -7.9529360270487741     
  -9.9999999999999978E-002  -7.9086962379753363     
  -7.9999999999999960E-002  -7.8531772531281518     
  -5.9999999999999942E-002  -7.8545380929676387     
  -4.0000000000000036E-002  -7.8449892498382168     
  -2.0000000000000018E-002  -7.9463893360524054     
   0.0000000000000000       -7.9531424698525095     
   2.0000000000000018E-002  -7.9696351721790837     
   4.0000000000000036E-002  -7.9850649149625132     
   6.0000000000000053E-002  -7.9804599761649655     
   8.0000000000000071E-002  -8.0066302563803902     
  0.10000000000000009       -8.0854320353737705     
  0.12000000000000011       -8.0489554764260340     
  0.14000000000000012       -8.1262290591271586     
  0.15999999999999992       -7.9351086751696078     
  0.17999999999999994       -7.9269141531212206     
  0.19999999999999996       -8.0443923259162649     
  0.21999999999999997       -8.1220102881009737     
  0.23999999999999999       -8.0735826264382453     
  0.26000000000000001       -8.1676976003854787     
  0.28000000000000003       -8.2501402742315566     
  0.30000000000000004       -8.9799264067728100     
  0.32000000000000006       -8.7417471586438040     
  0.34000000000000008       -8.7303385089633512     
  0.36000000000000010       -8.4207043574226912     
  0.38000000000000012       -8.5581275787775937     
  0.40000000000000013       -9.0336680092542299     
  0.41999999999999993       -8.7756393252934526     
  0.43999999999999995       -8.4611241275908160     
  0.45999999999999996       -8.6059127055041778     
  0.47999999999999998       -8.4958284889164943     
  0.50000000000000000       -8.8631309143675132     
  0.52000000000000002       -9.1487481771824086     
  0.54000000000000004       -9.1511910706671475     
  0.56000000000000005       -8.8476379935798732     
  0.58000000000000007       -8.6100908415199822     
  0.60000000000000009       -9.4197480052122842     
  0.62000000000000011       -9.2598166680296714     
  0.64000000000000012       -8.9565831745446349     
  0.66000000000000014       -9.1051934536721415     
  0.67999999999999994       -8.9996828690828234     
  0.69999999999999996       -9.2526428449979203     
  0.71999999999999997       -9.0893833773343236     
  0.73999999999999999       -9.4470468147768862     
  0.76000000000000001       -10.232974146906631     
  0.78000000000000003       -10.358602839622170     
  0.80000000000000004       -10.804920398721604     
  0.82000000000000006       -10.827568577531244     
  0.84000000000000008       -11.837714640138230     
  0.86000000000000010       -12.036977587258974     
  0.88000000000000012       -11.109997163505108     
  0.90000000000000013       -10.277576896178140     
  0.91999999999999993       -10.553395629607209     
  0.93999999999999995       -10.065359789840494     
  0.95999999999999996       -9.1203232659463591     
  0.97999999999999998       -9.2168546478941238     
   1.0000000000000000       -8.8617916112890587     
