  -1.0000000000000000       -12.525476315856046     
 -0.97999999999999998       -12.510953618649992     
 -0.95999999999999996       -12.513117703608238     
 -0.93999999999999995       -12.507181514776249     
 -0.92000000000000004       -12.504808759378260     
 -0.90000000000000002       -12.502518090230794     
 -0.88000000000000000       -12.501505229410748     
 -0.85999999999999999       -12.498153131737196     
 -0.83999999999999997       -12.493115277935193     
 -0.82000000000000006       -12.489840358238194     
 -0.80000000000000004       -12.487523001076369     
 -0.78000000000000003       -12.484821545985026     
 -0.76000000000000001       -12.481449526985832     
 -0.73999999999999999       -12.478277595342901     
 -0.71999999999999997       -12.475807745286527     
 -0.69999999999999996       -12.473794648977435     
 -0.67999999999999994       -12.471346163344423     
 -0.65999999999999992       -12.469193349603005     
 -0.64000000000000001       -12.466916846102407     
 -0.62000000000000000       -12.464469011309633     
 -0.59999999999999998       -12.462516148897027     
 -0.58000000000000007       -12.460843801985224     
 -0.56000000000000005       -12.459079978277915     
 -0.54000000000000004       -12.457955414150410     
 -0.52000000000000002       -12.457146678801998     
 -0.50000000000000000       -12.456698717988564     
 -0.47999999999999998       -12.457182639478448     
 -0.45999999999999996       -12.458294798953617     
 -0.43999999999999995       -12.458941527221842     
 -0.42000000000000004       -12.458665491608121     
 -0.40000000000000002       -12.457760688046829     
 -0.38000000000000000       -12.456830914325716     
 -0.35999999999999999       -12.455299495826646     
 -0.33999999999999997       -12.455300296818992     
 -0.31999999999999995       -12.455153191582998     
 -0.29999999999999993       -12.454767748895534     
 -0.28000000000000003       -12.453444537412517     
 -0.26000000000000001       -12.450736511397800     
 -0.23999999999999999       -12.449561708757932     
 -0.21999999999999997       -12.449383748857876     
 -0.19999999999999996       -12.450441626473781     
 -0.17999999999999994       -12.451255704810460     
 -0.16000000000000003       -12.452265332261627     
 -0.14000000000000001       -12.452756900458429     
 -0.12000000000000000       -12.453795778294213     
  -9.9999999999999978E-002  -12.455123935341625     
  -7.9999999999999960E-002  -12.455590634317016     
  -5.9999999999999942E-002  -12.455737752974033     
  -4.0000000000000036E-002  -12.455363648354776     
  -2.0000000000000018E-002  -12.454363068981575     
   0.0000000000000000       -12.454852990127375     
   2.0000000000000018E-002  -12.466537584122484     
   4.0000000000000036E-002  -12.473350760593629     
   6.0000000000000053E-002  -12.478820613123849     
   8.0000000000000071E-002  -12.478120031955900     
  0.10000000000000009       -12.473843319872314     
  0.12000000000000011       -12.466849005701119     
  0.14000000000000012       -12.469813748258575     
  0.15999999999999992       -12.471535638926962     
  0.17999999999999994       -12.472601573007788     
  0.19999999999999996       -12.472317236227692     
  0.21999999999999997       -12.472099432365658     
  0.23999999999999999       -12.472215258027733     
  0.26000000000000001       -12.472563608798918     
  0.28000000000000003       -12.472449579307783     
  0.30000000000000004       -12.472456270033895     
  0.32000000000000006       -12.472750350876304     
  0.34000000000000008       -12.473130541400463     
  0.36000000000000010       -12.473284545556099     
  0.38000000000000012       -12.473017178814352     
  0.40000000000000013       -12.472546634043807     
  0.41999999999999993       -12.471852355342422     
  0.43999999999999995       -12.470594554377323     
  0.45999999999999996       -12.469400824676468     
  0.47999999999999998       -12.468167784389761     
  0.50000000000000000       -12.467083274002464     
  0.52000000000000002       -12.466061672439171     
  0.54000000000000004       -12.465454061298040     
  0.56000000000000005       -12.461779991280281     
  0.58000000000000007       -12.457187715216884     
  0.60000000000000009       -12.454446834972231     
  0.62000000000000011       -12.452078627137345     
  0.64000000000000012       -12.450298312735828     
  0.66000000000000014       -12.451246346947418     
  0.67999999999999994       -12.451304971132528     
  0.69999999999999996       -12.448047223107229     
  0.71999999999999997       -12.444601785733884     
  0.73999999999999999       -12.443996988251632     
  0.76000000000000001       -12.441341349221478     
  0.78000000000000003       -12.439412842003783     
  0.80000000000000004       -12.435108466530643     
  0.82000000000000006       -12.428642752764638     
  0.84000000000000008       -12.421869557591597     
  0.86000000000000010       -12.419070020028506     
  0.88000000000000012       -12.417183283531790     
  0.90000000000000013       -12.416318972108439     
  0.91999999999999993       -12.416734568096611     
  0.93999999999999995       -12.411818372947659     
  0.95999999999999996       -12.407888774730830     
  0.97999999999999998       -12.405162154569066     
   1.0000000000000000       -12.396491900448396     
